prop,seed,test_lang,en_role,nl_role,en_frac,nl_frac,neither_frac,n
0.01,1,nl,part,det,2.5412960609911054e-05,0.9785514612452351,0.02142312579415502,39350
0.01,1,nl,det,noun,0.028050514066580712,0.9704122450328937,0.0015372409005256372,60498
0.01,1,nl,noun,prep,0.03589411595453892,0.964105884045461,0.0,13902
0.01,1,nl,prep,det,0.03589411595453892,0.964105884045461,0.0,13902
0.01,1,nl,noun,part,0.012757306226175349,0.9866836086404066,0.0005590851334180432,39350
0.01,1,en,part,det,0.9999520774428523,4.79225571476494e-05,0.0,41734
0.01,1,en,det,noun,0.9999210684178954,7.89315821046317e-05,0.0,63346
0.01,1,en,noun,part,0.9999281161642786,0.0,7.18838357214741e-05,41734
0.01,1,en,verb,det,0.9876969864528615,0.0,0.012303013547138513,7234
0.01,1,en,noun,verb,1.0,0.0,0.0,7234
0.01,1,en,noun,prep,0.9998608985950758,0.00013910140492418973,0.0,14378
0.01,1,en,prep,det,0.9997913478926137,0.0002086521073862846,0.0,14378
0.01,1,nl,verb,det,0.0,0.938034777808446,0.06196522219155396,7246
0.01,1,nl,noun,verb,0.04236820314656362,0.9573557825006901,0.0002760143527463428,7246
0.01,1,en,noun,rel,1.0,0.0,0.0,7137
0.01,1,en,rel,det,1.0,0.0,0.0,7137
0.01,1,en,verb,noun,0.9878100042034468,0.0,0.012189995796553174,7137
0.01,1,en,det,verb,1.0,0.0,0.0,7137
0.01,1,nl,noun,rel,0.041451500348918355,0.9574319609211445,0.0011165387299371947,7165
0.01,1,nl,rel,det,0.011723656664340545,0.9574319609211445,0.030844382414515002,7165
0.01,1,nl,verb,noun,0.0,0.9574319609211445,0.04256803907885555,7165
0.01,1,nl,det,verb,0.0,0.9877180739706909,0.012281926029309142,7165
0.01,2,en,verb,det,0.9879300776914539,0.0,0.01206992230854606,7208
0.01,2,en,det,noun,1.0,0.0,0.0,64536
0.01,2,en,noun,verb,1.0,0.0,0.0,7208
0.01,2,en,part,det,1.0,0.0,0.0,42992
0.01,2,en,noun,part,1.0,0.0,0.0,42992
0.01,2,en,noun,rel,1.0,0.0,0.0,7231
0.01,2,en,rel,det,1.0,0.0,0.0,7231
0.01,2,en,verb,noun,0.988659936385009,0.0,0.01134006361499101,7231
0.01,2,en,det,verb,1.0,0.0,0.0,7231
0.01,2,nl,part,det,0.009200583322285563,0.8265941932917937,0.16420522338592072,37715
0.01,2,nl,det,noun,0.09836618388440203,0.7737442883879344,0.1278895277276636,59309
0.01,2,nl,noun,prep,0.0038330197226287546,0.9960275977420029,0.00013938253536831835,14349
0.01,2,nl,prep,det,0.0038330197226287546,0.9961669802773713,0.0,14349
0.01,2,nl,noun,part,0.0031817579212514917,0.9836404613548986,0.013177780723849926,37715
0.01,2,nl,verb,det,0.0,0.032160110420979986,0.96783988957902,7245
0.01,2,nl,noun,verb,0.012836438923395446,0.15969634230503796,0.8274672187715666,7245
0.01,2,nl,noun,rel,0.023504867872044505,0.9656467315716273,0.010848400556328233,7190
0.01,2,nl,rel,det,0.016828929068150207,0.9656467315716273,0.017524339360222532,7190
0.01,2,nl,verb,noun,0.0,0.9656467315716273,0.03435326842837274,7190
0.01,2,nl,det,verb,0.007093184979137691,0.9929068150208623,0.0,7190
0.01,2,en,noun,prep,1.0,0.0,0.0,14336
0.01,2,en,prep,det,1.0,0.0,0.0,14336
0.01,3,nl,part,det,0.009614883527020689,0.7947522017822711,0.19563291469070823,38378
0.01,3,nl,det,noun,0.18635635100841458,0.7693001202083611,0.044343528783224256,59896
0.01,3,nl,noun,part,0.004273281567564751,0.9899421543592684,0.0057845640731669186,38378
0.01,3,nl,noun,prep,0.010216847372810676,0.9887406171809842,0.001042535446205171,14388
0.01,3,nl,prep,det,0.010216847372810676,0.9892966360856269,0.0004865165415624131,14388
0.01,3,nl,noun,rel,0.2888233642235327,0.7023308059533839,0.008845829823083403,7122
0.01,3,nl,rel,det,0.06402695871946082,0.7023308059533839,0.2336422353271553,7122
0.01,3,nl,verb,noun,0.0,0.7023308059533839,0.2976691940466161,7122
0.01,3,nl,det,verb,0.00014040999719180006,0.9998595900028082,0.0,7122
0.01,3,en,part,det,0.5681417571203266,0.001577140736617497,0.4302811021430559,32337
0.01,3,en,det,noun,0.9332948976650332,0.0009801095416546554,0.06572499279331219,52035
0.01,3,en,noun,prep,0.9656194903029331,0.0,0.03438050969706684,12478
0.01,3,en,prep,det,0.9686648501362398,0.0,0.031335149863760216,12478
0.01,3,en,noun,part,0.9059281937099917,0.09329869808578409,0.0007731082042242633,32337
0.01,3,en,noun,rel,1.0,0.0,0.0,7201
0.01,3,en,rel,det,1.0,0.0,0.0,7201
0.01,3,en,verb,noun,0.988612692681572,0.0,0.011387307318427997,7201
0.01,3,en,det,verb,1.0,0.0,0.0,7201
0.01,3,en,verb,det,0.9873961218836566,0.0,0.012603878116343491,7220
0.01,3,en,noun,verb,1.0,0.0,0.0,7220
0.01,3,nl,verb,det,0.00028050490883590464,0.12847124824684433,0.8712482468443198,7130
0.01,3,nl,noun,verb,0.05848527349228611,0.7485273492286115,0.1929873772791024,7130
0.1,1,nl,part,det,0.001279992552770602,0.9386767204263539,0.06004328702087552,42969
0.1,1,nl,det,noun,0.0294413727949945,0.9317784075949759,0.03878021961002958,64569
0.1,1,nl,noun,prep,0.0,1.0,0.0,14367
0.1,1,nl,prep,det,0.0,1.0,0.0,14367
0.1,1,nl,noun,part,0.00174544439014173,0.9400730759384672,0.058181479671391,42969
0.1,1,en,part,det,0.9998371373397548,0.0,0.00016286266024522462,42981
0.1,1,en,det,noun,1.0,0.0,0.0,64583
0.1,1,en,noun,part,1.0,0.0,0.0,42981
0.1,1,en,verb,det,0.9713851257948576,0.015897152336190212,0.01271772186895217,7234
0.1,1,en,noun,verb,1.0,0.0,0.0,7234
0.1,1,en,noun,prep,1.0,0.0,0.0,14368
0.1,1,en,prep,det,1.0,0.0,0.0,14368
0.1,1,nl,verb,det,0.0,0.7474077146412277,0.2525922853587723,7233
0.1,1,nl,noun,verb,0.1171021706069404,0.8828978293930596,0.0,7233
0.1,1,en,noun,rel,1.0,0.0,0.0,7137
0.1,1,en,rel,det,1.0,0.0,0.0,7137
0.1,1,en,verb,noun,0.9878100042034468,0.0,0.012189995796553174,7137
0.1,1,en,det,verb,1.0,0.0,0.0,7137
0.1,1,nl,noun,rel,0.0,1.0,0.0,7165
0.1,1,nl,rel,det,0.0,1.0,0.0,7165
0.1,1,nl,verb,noun,0.0,1.0,0.0,7165
0.1,1,nl,det,verb,0.0,1.0,0.0,7165
0.1,2,en,verb,det,0.9879300776914539,0.0,0.01206992230854606,7208
0.1,2,en,det,noun,1.0,0.0,0.0,64536
0.1,2,en,noun,verb,1.0,0.0,0.0,7208
0.1,2,en,part,det,0.9997673985857835,0.0,0.00023260141421659844,42992
0.1,2,en,noun,part,1.0,0.0,0.0,42992
0.1,2,en,noun,rel,1.0,0.0,0.0,7231
0.1,2,en,rel,det,1.0,0.0,0.0,7231
0.1,2,en,verb,noun,0.988659936385009,0.0,0.01134006361499101,7231
0.1,2,en,det,verb,1.0,0.0,0.0,7231
0.1,2,nl,part,det,0.02112438577897678,0.7275267366798343,0.25134887754118895,41516
0.1,2,nl,det,noun,0.3088456974245486,0.6278905673690625,0.06326373520638892,62358
0.1,2,nl,noun,prep,0.4422638735758912,0.5575156192576258,0.0002205071664829107,13605
0.1,2,nl,prep,det,0.4422638735758912,0.5575156192576258,0.0002205071664829107,13605
0.1,2,nl,noun,part,0.14346276134502361,0.781096444744195,0.07544079391078139,41516
0.1,2,nl,verb,det,0.0,0.12201188337708996,0.8779881166229101,7237
0.1,2,nl,noun,verb,0.5965178941550366,0.306895122288241,0.0965869835567224,7237
0.1,2,nl,noun,rel,0.0951917732073374,0.9043913285158421,0.0004168982768204558,7196
0.1,2,nl,rel,det,0.06281267370761534,0.9043913285158421,0.032795997776542525,7196
0.1,2,nl,verb,noun,0.0,0.9043913285158421,0.09560867148415786,7196
0.1,2,nl,det,verb,0.0004168982768204558,0.9995831017231795,0.0,7196
0.1,2,en,noun,prep,1.0,0.0,0.0,14336
0.1,2,en,prep,det,1.0,0.0,0.0,14336
0.1,3,nl,part,det,0.0006814098990274422,0.5861054326952859,0.41321315740568665,32286
0.1,3,nl,det,noun,0.35840948862531596,0.6052109663620455,0.036379545012638535,51430
0.1,3,nl,noun,part,0.09245493402713251,0.8564393235458093,0.05110574242705817,32286
0.1,3,nl,noun,prep,0.28242800772395266,0.7125346318529091,0.0050373604231382756,11911
0.1,3,nl,prep,det,0.2505247250440769,0.7494752749559231,0.0,11911
0.1,3,nl,noun,rel,0.8468204053109714,0.15192173305380852,0.0012578616352201257,7155
0.1,3,nl,rel,det,0.10006988120195667,0.15192173305380852,0.7480083857442348,7155
0.1,3,nl,verb,noun,0.0,0.15192173305380852,0.8480782669461915,7155
0.1,3,nl,det,verb,0.0,0.9991614255765199,0.0008385744234800838,7155
0.1,3,en,part,det,0.9352668475802804,0.0,0.06473315241971958,35376
0.1,3,en,det,noun,0.9934691283934056,0.0,0.006530871606594415,56654
0.1,3,en,noun,prep,0.9998577322520984,0.0,0.0001422677479015507,14058
0.1,3,en,prep,det,0.9998577322520984,0.0,0.0001422677479015507,14058
0.1,3,en,noun,part,0.9988410221619177,5.653550429669833e-05,0.0011024423337856173,35376
0.1,3,en,noun,rel,0.9547222222222222,0.0,0.04527777777777778,7200
0.1,3,en,rel,det,0.9547222222222222,0.04527777777777778,0.0,7200
0.1,3,en,verb,noun,0.9438888888888889,0.04527777777777778,0.010833333333333334,7200
0.1,3,en,det,verb,0.9998611111111111,0.0,0.0001388888888888889,7200
0.1,3,en,verb,det,0.9871191135734072,0.0,0.012880886426592797,7220
0.1,3,en,noun,verb,0.9998614958448754,0.0,0.00013850415512465375,7220
0.1,3,nl,verb,det,0.0,0.4500207382828702,0.5499792617171299,7233
0.1,3,nl,noun,verb,0.004977187888842804,0.9950228121111572,0.0,7233
0.25,1,nl,part,det,4.652028284331969e-05,0.9985346110904354,0.0014188686267212504,42992
0.25,1,nl,det,noun,0.004705518148750097,0.9944276758764802,0.0008668059747697546,64605
0.25,1,nl,noun,prep,0.0,1.0,0.0,14367
0.25,1,nl,prep,det,0.0,1.0,0.0,14367
0.25,1,nl,noun,part,0.0006745441012281355,0.998022887979159,0.0013025679196129512,42992
0.25,1,en,part,det,0.9916444942351678,0.0,0.00835550576483219,42846
0.25,1,en,det,noun,0.9998138351510263,0.0,0.00018616484897376626,64459
0.25,1,en,noun,part,0.9997199271810671,0.0,0.0002800728189329226,42846
0.25,1,en,verb,det,0.9876969864528615,0.0,0.012303013547138513,7234
0.25,1,en,noun,verb,1.0,0.0,0.0,7234
0.25,1,en,noun,prep,1.0,0.0,0.0,14379
0.25,1,en,prep,det,1.0,0.0,0.0,14379
0.25,1,nl,verb,det,0.0,0.9620480264973779,0.03795197350262214,7246
0.25,1,nl,noun,verb,0.03739994479712945,0.9626000552028705,0.0,7246
0.25,1,en,noun,rel,1.0,0.0,0.0,7137
0.25,1,en,rel,det,1.0,0.0,0.0,7137
0.25,1,en,verb,noun,0.9878100042034468,0.0,0.012189995796553174,7137
0.25,1,en,det,verb,1.0,0.0,0.0,7137
0.25,1,nl,noun,rel,0.0,1.0,0.0,7165
0.25,1,nl,rel,det,0.0,1.0,0.0,7165
0.25,1,nl,verb,noun,0.0,1.0,0.0,7165
0.25,1,nl,det,verb,0.0,1.0,0.0,7165
0.25,2,en,verb,det,0.9879300776914539,0.0,0.01206992230854606,7208
0.25,2,en,det,noun,1.0,0.0,0.0,64536
0.25,2,en,noun,verb,1.0,0.0,0.0,7208
0.25,2,en,part,det,1.0,0.0,0.0,42992
0.25,2,en,noun,part,1.0,0.0,0.0,42992
0.25,2,en,noun,rel,1.0,0.0,0.0,7231
0.25,2,en,rel,det,1.0,0.0,0.0,7231
0.25,2,en,verb,noun,0.988659936385009,0.0,0.01134006361499101,7231
0.25,2,en,det,verb,1.0,0.0,0.0,7231
0.25,2,nl,part,det,0.002770835597087906,0.746359882646963,0.25086928175594914,36812
0.25,2,nl,det,noun,0.25641201481278286,0.7247291180907969,0.018858867096420245,58328
0.25,2,nl,noun,prep,0.08646906313502908,0.9123397099011983,0.0011912269637726859,14271
0.25,2,nl,prep,det,0.08562819704295424,0.9135309368649709,0.0008408660920748371,14271
0.25,2,nl,noun,part,0.067640986634793,0.9222536129522981,0.010105400412908834,36812
0.25,2,nl,verb,det,0.0,0.24085576259489302,0.759144237405107,7245
0.25,2,nl,noun,verb,0.6973084886128365,0.30269151138716355,0.0,7245
0.25,2,nl,noun,rel,0.00014005602240896358,0.9761904761904762,0.023669467787114845,7140
0.25,2,nl,rel,det,0.00014005602240896358,0.9761904761904762,0.023669467787114845,7140
0.25,2,nl,verb,noun,0.0,0.9761904761904762,0.023809523809523808,7140
0.25,2,nl,det,verb,0.0,1.0,0.0,7140
0.25,2,en,noun,prep,1.0,0.0,0.0,14336
0.25,2,en,prep,det,1.0,0.0,0.0,14336
0.25,3,nl,part,det,0.004472360156532605,0.6929198592521951,0.3026077805912723,30409
0.25,3,nl,det,noun,0.24252309894134236,0.6615663081682908,0.09591059289036685,47513
0.25,3,nl,noun,part,0.018711565654904797,0.8410667894373376,0.14022164490775757,30409
0.25,3,nl,noun,prep,0.0157025630635194,0.9842974369364806,0.0,9871
0.25,3,nl,prep,det,0.01175159558302097,0.988248404416979,0.0,9871
0.25,3,nl,noun,rel,0.24825467746439542,0.7108349623010333,0.04091036023457135,7162
0.25,3,nl,rel,det,0.0,0.7108349623010333,0.2891650376989668,7162
0.25,3,nl,verb,noun,0.0,0.7111142139067299,0.28888578609327004,7162
0.25,3,nl,det,verb,0.00809829656520525,0.9907846970120078,0.001117006422786931,7162
0.25,3,en,part,det,0.9667551858903698,0.0011273674716905501,0.032117446637939674,39916
0.25,3,en,det,noun,0.9976189311283983,0.0014677821811243212,0.0009132866904773553,61317
0.25,3,en,noun,prep,0.9924546928989493,0.0031732599957689867,0.004372047105281715,14181
0.25,3,en,prep,det,0.9924546928989493,0.0031732599957689867,0.004372047105281715,14181
0.25,3,en,noun,part,0.9981962120452951,0.0010772622507265258,0.0007265257039783546,39916
0.25,3,en,noun,rel,1.0,0.0,0.0,7201
0.25,3,en,rel,det,1.0,0.0,0.0,7201
0.25,3,en,verb,noun,0.988612692681572,0.0,0.011387307318427997,7201
0.25,3,en,det,verb,1.0,0.0,0.0,7201
0.25,3,en,verb,det,0.9873961218836566,0.0,0.012603878116343491,7220
0.25,3,en,noun,verb,1.0,0.0,0.0,7220
0.25,3,nl,verb,det,0.0,0.08226185538504079,0.9177381446149592,7233
0.25,3,nl,noun,verb,0.12484446287847366,0.8693488179178764,0.005806719203649938,7233
0.5,1,nl,part,det,0.004454394925254786,0.9879428158305931,0.0076027892441521494,42879
0.5,1,nl,det,noun,0.013137665967854647,0.9854491808370215,0.001413153195123845,64395
0.5,1,nl,noun,prep,0.02949211908931699,0.9702276707530648,0.00028021015761821365,14275
0.5,1,nl,prep,det,0.02949211908931699,0.970507880910683,0.0,14275
0.5,1,nl,noun,part,0.009888290305277641,0.98803610158819,0.002075608106532335,42879
0.5,1,en,part,det,0.9695742275810098,0.0,0.030425772418990204,42464
0.5,1,en,det,noun,0.9998900028284987,0.0,0.00010999717150130426,63638
0.5,1,en,noun,part,0.999835154483798,0.0,0.0001648455162019593,42464
0.5,1,en,verb,det,0.9876969864528615,0.0,0.012303013547138513,7234
0.5,1,en,noun,verb,1.0,0.0,0.0,7234
0.5,1,en,noun,prep,1.0,0.0,0.0,13940
0.5,1,en,prep,det,1.0,0.0,0.0,13940
0.5,1,nl,verb,det,0.0,0.9998618975279657,0.00013810247203424942,7241
0.5,1,nl,noun,verb,0.00013810247203424942,0.9998618975279657,0.0,7241
0.5,1,en,noun,rel,1.0,0.0,0.0,7137
0.5,1,en,rel,det,1.0,0.0,0.0,7137
0.5,1,en,verb,noun,0.9878100042034468,0.0,0.012189995796553174,7137
0.5,1,en,det,verb,1.0,0.0,0.0,7137
0.5,1,nl,noun,rel,0.0,1.0,0.0,7165
0.5,1,nl,rel,det,0.0,1.0,0.0,7165
0.5,1,nl,verb,noun,0.0,1.0,0.0,7165
0.5,1,nl,det,verb,0.0,1.0,0.0,7165
0.5,2,en,verb,det,0.9879300776914539,0.0,0.01206992230854606,7208
0.5,2,en,det,noun,1.0,0.0,0.0,64536
0.5,2,en,noun,verb,1.0,0.0,0.0,7208
0.5,2,en,part,det,1.0,0.0,0.0,42992
0.5,2,en,noun,part,1.0,0.0,0.0,42992
0.5,2,en,noun,rel,1.0,0.0,0.0,7231
0.5,2,en,rel,det,1.0,0.0,0.0,7231
0.5,2,en,verb,noun,0.988659936385009,0.0,0.01134006361499101,7231
0.5,2,en,det,verb,1.0,0.0,0.0,7231
0.5,2,nl,part,det,0.14230967847144838,0.5282798358383388,0.3294104856902128,36793
0.5,2,nl,det,noun,0.3113465481886534,0.5304359383306751,0.15821751348067137,52668
0.5,2,nl,noun,prep,0.1575668328047123,0.8424331671952877,0.0,8828
0.5,2,nl,prep,det,0.1575668328047123,0.8424331671952877,0.0,8828
0.5,2,nl,noun,part,0.07555785067811813,0.8077895251814203,0.1166526241404615,36793
0.5,2,nl,verb,det,0.0,0.037746558819355756,0.9622534411806443,7047
0.5,2,nl,noun,verb,0.3107705406555981,0.6682276145877678,0.02100184475663403,7047
0.5,2,nl,noun,rel,0.8027377521613833,0.17694524495677233,0.02031700288184438,6940
0.5,2,nl,rel,det,0.19639769452449568,0.17982708933717578,0.6237752161383285,6940
0.5,2,nl,verb,noun,0.0,0.17982708933717578,0.8201729106628242,6940
0.5,2,nl,det,verb,0.0,1.0,0.0,6940
0.5,2,en,noun,prep,1.0,0.0,0.0,14336
0.5,2,en,prep,det,1.0,0.0,0.0,14336
0.5,3,nl,part,det,0.10083887260166613,0.5161533772604568,0.38300775013787697,34451
0.5,3,nl,det,noun,0.3943045884663453,0.4840385645420461,0.12165684699160864,56010
0.5,3,nl,noun,part,0.17151896897042176,0.7213433572320107,0.10713767379756756,34451
0.5,3,nl,noun,prep,0.424872635913183,0.5717077255914579,0.003419638495359062,14329
0.5,3,nl,prep,det,0.41238048712401426,0.5842696629213483,0.0033498499546374487,14329
0.5,3,nl,noun,rel,0.06652500817260543,0.7520431513566525,0.18143184047074207,6118
0.5,3,nl,rel,det,0.00032690421706440013,0.7522066034651848,0.2474664923177509,6118
0.5,3,nl,verb,noun,0.0,0.7522066034651848,0.2477933965348153,6118
0.5,3,nl,det,verb,0.0,1.0,0.0,6118
0.5,3,en,part,det,1.0,0.0,0.0,42992
0.5,3,en,det,noun,1.0,0.0,0.0,64516
0.5,3,en,noun,prep,1.0,0.0,0.0,14304
0.5,3,en,prep,det,1.0,0.0,0.0,14304
0.5,3,en,noun,part,1.0,0.0,0.0,42992
0.5,3,en,noun,rel,1.0,0.0,0.0,7201
0.5,3,en,rel,det,1.0,0.0,0.0,7201
0.5,3,en,verb,noun,0.988612692681572,0.0,0.011387307318427997,7201
0.5,3,en,det,verb,1.0,0.0,0.0,7201
0.5,3,en,verb,det,0.9873961218836566,0.0,0.012603878116343491,7220
0.5,3,en,noun,verb,1.0,0.0,0.0,7220
0.5,3,nl,verb,det,0.0,0.04163208852005532,0.9583679114799447,7230
0.5,3,nl,noun,verb,0.7300138312586445,0.2698478561549101,0.00013831258644536652,7230
0.75,1,nl,part,det,0.1972952898086725,0.39684450477678457,0.40586020541454293,39043
0.75,1,nl,det,noun,0.42969420555714505,0.41002036385667884,0.16028543058617614,59419
0.75,1,nl,noun,prep,0.4222949821061448,0.5672732810477423,0.010431736846112845,13133
0.75,1,nl,prep,det,0.4222949821061448,0.5672732810477423,0.010431736846112845,13133
0.75,1,nl,noun,part,0.2458315190943319,0.5936275388674026,0.1605409420382655,39043
0.75,1,en,part,det,1.0,0.0,0.0,42992
0.75,1,en,det,noun,1.0,0.0,0.0,64605
0.75,1,en,noun,part,1.0,0.0,0.0,42992
0.75,1,en,verb,det,0.9876969864528615,0.0,0.012303013547138513,7234
0.75,1,en,noun,verb,1.0,0.0,0.0,7234
0.75,1,en,noun,prep,1.0,0.0,0.0,14379
0.75,1,en,prep,det,1.0,0.0,0.0,14379
0.75,1,nl,verb,det,0.0,0.16622946292972526,0.8337705370702747,7243
0.75,1,nl,noun,verb,0.552947673615905,0.44608587601822447,0.0009664503658704957,7243
0.75,1,en,noun,rel,1.0,0.0,0.0,7137
0.75,1,en,rel,det,1.0,0.0,0.0,7137
0.75,1,en,verb,noun,0.9878100042034468,0.0,0.012189995796553174,7137
0.75,1,en,det,verb,1.0,0.0,0.0,7137
0.75,1,nl,noun,rel,0.5927221833449965,0.36039188243526943,0.04688593421973408,7145
0.75,1,nl,rel,det,0.0005598320503848845,0.36039188243526943,0.6390482855143457,7145
0.75,1,nl,verb,noun,0.0,0.36039188243526943,0.6396081175647306,7145
0.75,1,nl,det,verb,0.0,0.9998600419874037,0.00013995801259622114,7145
0.75,2,en,verb,det,0.9879300776914539,0.0,0.01206992230854606,7208
0.75,2,en,det,noun,0.9986291041195421,0.00027417917609157583,0.0010967167043663033,58356
0.75,2,en,noun,verb,1.0,0.0,0.0,7208
0.75,2,en,part,det,0.9867795243853285,0.00037619239553943304,0.01284428321913207,37215
0.75,2,en,noun,part,0.9987908101571947,0.0011823189574096467,2.687088539567379e-05,37215
0.75,2,en,noun,rel,1.0,0.0,0.0,7231
0.75,2,en,rel,det,1.0,0.0,0.0,7231
0.75,2,en,verb,noun,0.988659936385009,0.0,0.01134006361499101,7231
0.75,2,en,det,verb,1.0,0.0,0.0,7231
0.75,2,nl,part,det,0.1335011839462878,0.6473338728531607,0.21916494320055152,33363
0.75,2,nl,det,noun,0.28212800391426257,0.6515177176838104,0.06635427840192702,53139
0.75,2,nl,noun,prep,0.3939007882793216,0.5849988056373915,0.021100406083286886,12559
0.75,2,nl,prep,det,0.3939007882793216,0.6058603391989809,0.0002388725216975874,12559
0.75,2,nl,noun,part,0.15136528489644216,0.819380751131493,0.029253963972064864,33363
0.75,2,nl,verb,det,0.0,0.692392961064154,0.3076070389358459,7217
0.75,2,nl,noun,verb,0.17569627268948315,0.7026465290286823,0.12165719828183456,7217
0.75,2,nl,noun,rel,0.526686807653575,0.3436915551719177,0.12962163717450725,6951
0.75,2,nl,rel,det,0.47619047619047616,0.34541792547834843,0.17839159833117538,6951
0.75,2,nl,verb,noun,0.0,0.34541792547834843,0.6545820745216515,6951
0.75,2,nl,det,verb,0.0023018270752409725,0.9843188030499209,0.013379369874838154,6951
0.75,2,en,noun,prep,0.9974879781812962,0.0,0.0025120218187037967,13933
0.75,2,en,prep,det,0.9998564558960741,0.00014354410392593124,0.0,13933
0.75,3,nl,part,det,0.21809982576611664,0.47746916743534557,0.3044310067985378,29271
0.75,3,nl,det,noun,0.37022908268606824,0.48713007570543704,0.14264084160849475,50855
0.75,3,nl,noun,prep,0.4992,0.5008,0.0,14375
0.75,3,nl,prep,det,0.4992,0.5008,0.0,14375
0.75,3,nl,noun,part,0.2637764340131871,0.7321922722148201,0.004031293771992757,29271
0.75,3,nl,noun,rel,0.14509085786730525,0.0018312438371601634,0.8530778982955346,7099
0.75,3,nl,rel,det,0.09649246372728554,0.0018312438371601634,0.9016762924355542,7099
0.75,3,nl,verb,noun,0.0,0.0018312438371601634,0.9981687561628398,7099
0.75,3,nl,det,verb,0.06986899563318777,0.9261867868713903,0.00394421749542189,7099
0.75,3,en,part,det,0.9999302179525947,0.0,6.978204740527087e-05,42991
0.75,3,en,det,noun,0.9999689989769662,1.550051151688006e-05,1.550051151688006e-05,64514
0.75,3,en,noun,prep,0.9999300845976369,6.99154023631406e-05,0.0,14303
0.75,3,en,prep,det,0.9999300845976369,6.99154023631406e-05,0.0,14303
0.75,3,en,noun,part,0.9999767393175316,0.0,2.3260682468423623e-05,42991
0.75,3,en,noun,rel,1.0,0.0,0.0,7201
0.75,3,en,rel,det,1.0,0.0,0.0,7201
0.75,3,en,verb,noun,0.988612692681572,0.0,0.011387307318427997,7201
0.75,3,en,det,verb,1.0,0.0,0.0,7201
0.75,3,en,verb,det,0.9873961218836566,0.0,0.012603878116343491,7220
0.75,3,en,noun,verb,1.0,0.0,0.0,7220
0.75,3,nl,verb,det,0.002913025384935497,0.41018171729782216,0.5869052573172423,7209
0.75,3,nl,noun,verb,0.4492994867526703,0.4250242752115411,0.1256762380357886,7209
0.99,1,nl,part,det,2.380328961462474e-05,0.9832662874009188,0.01670990930946657,42011
0.99,1,nl,det,noun,0.06605997736703131,0.9291147994467497,0.004825223186219037,63624
0.99,1,nl,noun,prep,0.0,1.0,0.0,14367
0.99,1,nl,prep,det,0.0,1.0,0.0,14367
0.99,1,nl,noun,part,0.01280616981266811,0.9837423531932113,0.0034514769941205873,42011
0.99,1,en,part,det,1.0,0.0,0.0,42992
0.99,1,en,det,noun,1.0,0.0,0.0,64605
0.99,1,en,noun,part,1.0,0.0,0.0,42992
0.99,1,en,verb,det,0.9876969864528615,0.0,0.012303013547138513,7234
0.99,1,en,noun,verb,1.0,0.0,0.0,7234
0.99,1,en,noun,prep,1.0,0.0,0.0,14379
0.99,1,en,prep,det,1.0,0.0,0.0,14379
0.99,1,nl,verb,det,0.0,0.43306651945901187,0.5669334805409881,7246
0.99,1,nl,noun,verb,0.47653878001656086,0.5222191553960805,0.0012420645873585426,7246
0.99,1,en,noun,rel,1.0,0.0,0.0,7137
0.99,1,en,rel,det,1.0,0.0,0.0,7137
0.99,1,en,verb,noun,0.9878100042034468,0.0,0.012189995796553174,7137
0.99,1,en,det,verb,1.0,0.0,0.0,7137
0.99,1,nl,noun,rel,0.0,1.0,0.0,7165
0.99,1,nl,rel,det,0.0,1.0,0.0,7165
0.99,1,nl,verb,noun,0.0,1.0,0.0,7165
0.99,1,nl,det,verb,0.0,1.0,0.0,7165
0.99,2,en,verb,det,0.9879300776914539,0.0,0.01206992230854606,7208
0.99,2,en,det,noun,1.0,0.0,0.0,64536
0.99,2,en,noun,verb,1.0,0.0,0.0,7208
0.99,2,en,part,det,1.0,0.0,0.0,42992
0.99,2,en,noun,part,1.0,0.0,0.0,42992
0.99,2,en,noun,rel,1.0,0.0,0.0,7231
0.99,2,en,rel,det,1.0,0.0,0.0,7231
0.99,2,en,verb,noun,0.988659936385009,0.0,0.01134006361499101,7231
0.99,2,en,det,verb,1.0,0.0,0.0,7231
0.99,2,nl,part,det,0.15096310640032612,0.6599826742763962,0.18905421932327762,39248
0.99,2,nl,det,noun,0.26350140562579116,0.6894142403866704,0.04708435398753843,60827
0.99,2,nl,noun,prep,0.3065718865426162,0.6934281134573838,0.0,14349
0.99,2,nl,prep,det,0.3065718865426162,0.6934281134573838,0.0,14349
0.99,2,nl,noun,part,0.2722431716265797,0.7124949041989401,0.015261924174480229,39248
0.99,2,nl,verb,det,0.0,0.8374827109266944,0.16251728907330568,7230
0.99,2,nl,noun,verb,0.1322268326417704,0.8647302904564316,0.0030428769017980637,7230
0.99,2,nl,noun,rel,0.02847222222222222,0.69875,0.2727777777777778,7200
0.99,2,nl,rel,det,0.027916666666666666,0.6988888888888889,0.27319444444444446,7200
0.99,2,nl,verb,noun,0.0,0.6988888888888889,0.3011111111111111,7200
0.99,2,nl,det,verb,0.06263888888888888,0.9368055555555556,0.0005555555555555556,7200
0.99,2,en,noun,prep,1.0,0.0,0.0,14336
0.99,2,en,prep,det,1.0,0.0,0.0,14336
0.99,3,nl,part,det,0.017233077371448847,0.6723181023340683,0.3104488202944829,39459
0.99,3,nl,det,noun,0.30158756272106607,0.5952948918318665,0.10311754544706753,60785
0.99,3,nl,noun,part,0.17407942421247372,0.8241972680503814,0.0017233077371448845,39459
0.99,3,nl,noun,prep,0.41538352373518767,0.5841197757752076,0.0004967004896047683,14093
0.99,3,nl,prep,det,0.41538352373518767,0.5841907329880083,0.00042574327680408716,14093
0.99,3,nl,noun,rel,0.6511725293132329,0.3479899497487437,0.0008375209380234506,7164
0.99,3,nl,rel,det,0.001256281407035176,0.3479899497487437,0.6507537688442211,7164
0.99,3,nl,verb,noun,0.0,0.3479899497487437,0.6520100502512562,7164
0.99,3,nl,det,verb,0.00027917364600781687,0.9865996649916248,0.013121161362367392,7164
0.99,3,en,part,det,1.0,0.0,0.0,42990
0.99,3,en,det,noun,1.0,0.0,0.0,64514
0.99,3,en,noun,prep,1.0,0.0,0.0,14304
0.99,3,en,prep,det,1.0,0.0,0.0,14304
0.99,3,en,noun,part,1.0,0.0,0.0,42990
0.99,3,en,noun,rel,1.0,0.0,0.0,7201
0.99,3,en,rel,det,1.0,0.0,0.0,7201
0.99,3,en,verb,noun,0.988612692681572,0.0,0.011387307318427997,7201
0.99,3,en,det,verb,1.0,0.0,0.0,7201
0.99,3,en,verb,det,0.9873961218836566,0.0,0.012603878116343491,7220
0.99,3,en,noun,verb,1.0,0.0,0.0,7220
0.99,3,nl,verb,det,0.0,0.020461772431909303,0.9795382275680907,7233
0.99,3,nl,noun,verb,0.03442554956449606,0.7782386285082262,0.18733582192727777,7233
0.9,1,nl,part,det,0.00971583022865074,0.97202133099569,0.018262838775659287,41067
0.9,1,nl,det,noun,0.008736492922126974,0.976877853318882,0.014385653758991033,60894
0.9,1,nl,noun,prep,0.017053785014275794,0.9829462149857242,0.0,12959
0.9,1,nl,prep,det,0.017053785014275794,0.9829462149857242,0.0,12959
0.9,1,nl,noun,part,0.006891177831348771,0.9806170404461003,0.012491781722550954,41067
0.9,1,en,part,det,1.0,0.0,0.0,42992
0.9,1,en,det,noun,1.0,0.0,0.0,64605
0.9,1,en,noun,part,1.0,0.0,0.0,42992
0.9,1,en,verb,det,0.9876969864528615,0.0,0.012303013547138513,7234
0.9,1,en,noun,verb,1.0,0.0,0.0,7234
0.9,1,en,noun,prep,1.0,0.0,0.0,14379
0.9,1,en,prep,det,1.0,0.0,0.0,14379
0.9,1,nl,verb,det,0.0,0.9938846825859057,0.00611531741409435,6868
0.9,1,nl,noun,verb,0.00014560279557367502,0.9975247524752475,0.0023296447291788003,6868
0.9,1,en,noun,rel,1.0,0.0,0.0,7137
0.9,1,en,rel,det,1.0,0.0,0.0,7137
0.9,1,en,verb,noun,0.9878100042034468,0.0,0.012189995796553174,7137
0.9,1,en,det,verb,1.0,0.0,0.0,7137
0.9,1,nl,noun,rel,0.00013986013986013986,0.9994405594405594,0.0004195804195804196,7150
0.9,1,nl,rel,det,0.0,0.9994405594405594,0.0005594405594405594,7150
0.9,1,nl,verb,noun,0.0,0.9994405594405594,0.0005594405594405594,7150
0.9,1,nl,det,verb,0.0,1.0,0.0,7150
0.9,2,en,verb,det,0.9879300776914539,0.0,0.01206992230854606,7208
0.9,2,en,det,noun,1.0,0.0,0.0,64536
0.9,2,en,noun,verb,1.0,0.0,0.0,7208
0.9,2,en,part,det,1.0,0.0,0.0,42992
0.9,2,en,noun,part,1.0,0.0,0.0,42992
0.9,2,en,noun,rel,1.0,0.0,0.0,7231
0.9,2,en,rel,det,1.0,0.0,0.0,7231
0.9,2,en,verb,noun,0.988659936385009,0.0,0.01134006361499101,7231
0.9,2,en,det,verb,1.0,0.0,0.0,7231
0.9,2,nl,part,det,0.09987624663318047,0.4214166120695931,0.47870714129722647,41211
0.9,2,nl,det,noun,0.45737349243826175,0.39925658860315233,0.14336991895858592,62684
0.9,2,nl,noun,prep,0.4933929944766832,0.5063972593162274,0.0002097462070894218,14303
0.9,2,nl,prep,det,0.4933929944766832,0.5063972593162274,0.0002097462070894218,14303
0.9,2,nl,noun,part,0.21399626313362938,0.5887263109364005,0.19727742592997016,41211
0.9,2,nl,verb,det,0.0,0.03821478382147838,0.9617852161785216,7170
0.9,2,nl,noun,verb,0.2810320781032078,0.6785216178521618,0.040446304044630406,7170
0.9,2,nl,noun,rel,0.8590332915447834,0.12773366764173283,0.013233040813483771,7179
0.9,2,nl,rel,det,0.7892464131494638,0.12787296280819055,0.08288062404234572,7179
0.9,2,nl,verb,noun,0.0001392951664577239,0.1303802758044296,0.8694804290291127,7179
0.9,2,nl,det,verb,0.0005571806658308956,0.9905279286808748,0.00891489065329433,7179
0.9,2,en,noun,prep,1.0,0.0,0.0,14336
0.9,2,en,prep,det,1.0,0.0,0.0,14336
0.9,3,nl,part,det,0.022563068577326515,0.5272317035116776,0.4502052279109959,41661
0.9,3,nl,det,noun,0.3834873125355945,0.5099190027210023,0.10659368474340315,63212
0.9,3,nl,noun,part,0.1840330284918749,0.7265068049254698,0.08946016658265524,41661
0.9,3,nl,noun,prep,0.4727615588769381,0.5244447548540299,0.0027936862690319877,14318
0.9,3,nl,prep,det,0.4727615588769381,0.5244447548540299,0.0027936862690319877,14318
0.9,3,nl,noun,rel,0.7451970270649277,0.21427569765811247,0.040527275276959755,7131
0.9,3,nl,rel,det,0.4706212312438648,0.21427569765811247,0.3151030710980227,7131
0.9,3,nl,verb,noun,0.0,0.21427569765811247,0.7857243023418875,7131
0.9,3,nl,det,verb,0.0002804655728509325,0.9554059739167017,0.044313560510447346,7131
0.9,3,en,part,det,1.0,0.0,0.0,42992
0.9,3,en,det,noun,1.0,0.0,0.0,64516
0.9,3,en,noun,prep,1.0,0.0,0.0,14304
0.9,3,en,prep,det,1.0,0.0,0.0,14304
0.9,3,en,noun,part,1.0,0.0,0.0,42992
0.9,3,en,noun,rel,1.0,0.0,0.0,7201
0.9,3,en,rel,det,1.0,0.0,0.0,7201
0.9,3,en,verb,noun,0.988612692681572,0.0,0.011387307318427997,7201
0.9,3,en,det,verb,1.0,0.0,0.0,7201
0.9,3,en,verb,det,0.9873961218836566,0.0,0.012603878116343491,7220
0.9,3,en,noun,verb,1.0,0.0,0.0,7220
0.9,3,nl,verb,det,0.0,0.3300152080741048,0.6699847919258952,7233
0.9,3,nl,noun,verb,0.32752661412968337,0.671505599336375,0.0009677865339416563,7233
0.0,1,nl,part,det,0.0,0.8225070959936718,0.17749290400632822,42982
0.0,1,nl,det,noun,0.17680208075303444,0.8215104037651721,0.001687515481793411,64592
0.0,1,nl,noun,prep,0.2652464494569758,0.7347535505430243,0.0,14364
0.0,1,nl,prep,det,0.2615566694514063,0.7351712614870509,0.0032720690615427456,14364
0.0,1,nl,noun,part,0.08838583593132009,0.9097063887208598,0.0019077753478200176,42982
0.0,1,en,part,det,0.13067717865690553,0.4471068562579192,0.4222159650851753,35515
0.0,1,en,det,noun,0.012817483756645008,0.4757038787162827,0.5114786375270722,50790
0.0,1,en,noun,part,0.0057158946923834995,0.9804589610023934,0.013825144305223145,35515
0.0,1,en,verb,det,0.16527136258660508,0.47878175519630484,0.3559468822170901,6928
0.0,1,en,noun,verb,0.02800230946882217,0.45871824480369516,0.5132794457274826,6928
0.0,1,en,noun,prep,0.06074038576734156,0.2623697136695819,0.6768899005630765,8347
0.0,1,en,prep,det,0.016053671977956152,0.6329220079070325,0.3510243201150114,8347
0.0,1,nl,verb,det,0.0,0.9845431962462048,0.015456803753795198,7246
0.0,1,nl,noun,verb,0.011178581286226884,0.9867513110681756,0.002070107645597571,7246
0.0,1,en,noun,rel,0.0,0.8575748847926268,0.14242511520737328,6944
0.0,1,en,rel,det,0.0,0.2842741935483871,0.7157258064516129,6944
0.0,1,en,verb,noun,0.0,0.2842741935483871,0.7157258064516129,6944
0.0,1,en,det,verb,0.0,0.943836405529954,0.05616359447004608,6944
0.0,1,nl,noun,rel,0.4594443668853832,0.5401368141840012,0.00041881893061566385,7163
0.0,1,nl,rel,det,0.0,0.5411140583554377,0.4588859416445623,7163
0.0,1,nl,verb,noun,0.0,0.5411140583554377,0.4588859416445623,7163
0.0,1,nl,det,verb,0.0,0.9941365349713807,0.0058634650286192936,7163
0.0,2,en,verb,det,0.0,0.14219653179190753,0.8578034682080925,1730
0.0,2,en,det,noun,0.05368480270031343,0.464196737121273,0.4821184601784136,12443
0.0,2,en,noun,verb,0.8439306358381503,0.0,0.15606936416184972,1730
0.0,2,en,part,det,0.08319965779061063,0.3816704095818629,0.5351299326275265,9351
0.0,2,en,noun,part,0.001817987381028767,0.9767939257833387,0.021388086835632553,9351
0.0,2,en,noun,rel,0.5484699836486802,0.0,0.4515300163513198,4281
0.0,2,en,rel,det,0.0,0.0,1.0,4281
0.0,2,en,verb,noun,0.0,0.0,1.0,4281
0.0,2,en,det,verb,0.0,0.011445923849567857,0.9885540761504321,4281
0.0,2,nl,part,det,0.0006615863370169808,0.9932616206414937,0.006076793021489305,40811
0.0,2,nl,det,noun,0.006390401356330084,0.993332463890972,0.0002771347526979883,61342
0.0,2,nl,noun,prep,0.012859464424503638,0.9867872535858122,0.0003532819896841659,14153
0.0,2,nl,prep,det,0.009467957323535647,0.9904613862785275,7.065639793683318e-05,14153
0.0,2,nl,noun,part,0.0034794540687559726,0.9961284947685674,0.0003920511626767293,40811
0.0,2,nl,verb,det,0.0,1.0,0.0,6378
0.0,2,nl,noun,verb,0.0,1.0,0.0,6378
0.0,2,nl,noun,rel,0.0,1.0,0.0,6303
0.0,2,nl,rel,det,0.0,1.0,0.0,6303
0.0,2,nl,verb,noun,0.0,1.0,0.0,6303
0.0,2,nl,det,verb,0.0,1.0,0.0,6303
0.0,2,en,noun,prep,0.0022026431718061676,0.9625550660792952,0.03524229074889868,1362
0.0,2,en,prep,det,0.0,0.9632892804698973,0.03671071953010279,1362
0.0,3,nl,part,det,0.03414068539036331,0.5762045864467921,0.38965472816284463,31048
0.0,3,nl,det,noun,0.284989562055265,0.6151204291903297,0.09989000875440526,44549
0.0,3,nl,noun,prep,0.11081667068176343,0.8834015899783185,0.005781739339918092,8302
0.0,3,nl,prep,det,0.027704167670440857,0.9721753794266442,0.00012045290291496025,8302
0.0,3,nl,noun,part,0.1922829167740273,0.686259984540067,0.12145709868590569,31048
0.0,3,nl,noun,rel,0.01327659574468085,0.971404255319149,0.015319148936170212,5875
0.0,3,nl,rel,det,0.0,0.971404255319149,0.028595744680851062,5875
0.0,3,nl,verb,noun,0.0,0.971404255319149,0.028595744680851062,5875
0.0,3,nl,det,verb,0.0,1.0,0.0,5875
0.0,3,en,part,det,0.0,0.9143314651721377,0.08566853482786228,19984
0.0,3,en,det,noun,0.03626099950190935,0.6675742985223311,0.2961647019757596,30115
0.0,3,en,noun,prep,0.025146400275576988,0.8451027672522677,0.12975083247215524,8709
0.0,3,en,prep,det,0.00011482374555057986,0.9743943047422207,0.02549087151222873,8709
0.0,3,en,noun,part,0.012510008006405124,0.7949859887910328,0.19250400320256206,19984
0.0,3,nl,verb,det,0.0,0.20157722638969033,0.7984227736103097,5199
0.0,3,nl,noun,verb,0.45643392960184653,0.46143489132525484,0.08213117907289863,5199
0.0,3,en,verb,det,0.0,0.8248945147679325,0.1751054852320675,1422
0.0,3,en,noun,verb,0.2369901547116737,0.7630098452883263,0.0,1422
0.0,3,en,noun,rel,0.44169096209912534,0.0,0.5583090379008746,686
0.0,3,en,rel,det,0.0,0.0,1.0,686
0.0,3,en,verb,noun,0.0,0.0,1.0,686
0.0,3,en,det,verb,0.0,0.5962099125364432,0.4037900874635568,686
1.0,1,en,part,det,0.9433552286520642,0.0,0.05664477134793576,40039
1.0,1,en,det,noun,0.959999318557386,0.04000068144261401,0.0,58699
1.0,1,en,noun,part,1.0,0.0,0.0,40039
1.0,1,nl,part,det,0.9961849818554015,0.0010235414534288639,0.0027914766911696287,10747
1.0,1,nl,det,noun,0.9991554702495201,0.0008445297504798465,0.0,13025
1.0,1,nl,noun,part,1.0,0.0,0.0,10747
1.0,1,en,noun,prep,1.0,0.0,0.0,14379
1.0,1,en,prep,det,1.0,0.0,0.0,14379
1.0,1,en,noun,rel,1.0,0.0,0.0,7137
1.0,1,en,rel,det,1.0,0.0,0.0,7137
1.0,1,en,verb,noun,0.9878100042034468,0.0,0.012189995796553174,7137
1.0,1,en,det,verb,1.0,0.0,0.0,7137
1.0,1,en,verb,det,0.4515300163513198,0.5484699836486802,0.0,4281
1.0,1,en,noun,verb,0.4977808923148797,0.0,0.5022191076851203,4281
1.0,1,nl,noun,prep,0.9986795774647887,0.0,0.0013204225352112676,2272
1.0,1,nl,prep,det,0.6144366197183099,0.0,0.3855633802816901,2272
1.0,1,nl,noun,rel,1.0,0.0,0.0,113
1.0,1,nl,rel,det,0.8761061946902655,0.09734513274336283,0.02654867256637168,113
1.0,1,nl,verb,noun,0.035398230088495575,0.9380530973451328,0.02654867256637168,113
1.0,1,nl,det,verb,1.0,0.0,0.0,113
1.0,1,nl,verb,det,0.0,0.0,1.0,6
1.0,1,nl,noun,verb,1.0,0.0,0.0,6
1.0,2,en,verb,det,0.9879300776914539,0.0,0.01206992230854606,7208
1.0,2,en,det,noun,1.0,0.0,0.0,64536
1.0,2,en,noun,verb,1.0,0.0,0.0,7208
1.0,2,en,part,det,1.0,0.0,0.0,42992
1.0,2,en,noun,part,1.0,0.0,0.0,42992
1.0,2,en,noun,rel,1.0,0.0,0.0,7231
1.0,2,en,rel,det,1.0,0.0,0.0,7231
1.0,2,en,verb,noun,0.988659936385009,0.0,0.01134006361499101,7231
1.0,2,en,det,verb,1.0,0.0,0.0,7231
1.0,2,nl,part,det,0.9271652264310312,0.029497758430251445,0.04333701513871743,15391
1.0,2,nl,det,noun,0.9796702560207319,0.002144676287922792,0.018185067691345338,22381
1.0,2,nl,noun,part,0.99974010785524,0.0,0.00025989214475992465,15391
1.0,2,nl,noun,prep,0.764875378187581,0.0,0.23512462181241897,6941
1.0,2,nl,prep,det,0.32459299812707104,0.0028814291888776835,0.6725255726840513,6941
1.0,2,en,noun,prep,1.0,0.0,0.0,14336
1.0,2,en,prep,det,1.0,0.0,0.0,14336
1.0,2,nl,noun,rel,0.0,0.0,1.0,32
1.0,2,nl,rel,det,0.0,1.0,0.0,32
1.0,2,nl,verb,noun,0.0,0.1875,0.8125,32
1.0,2,nl,det,verb,1.0,0.0,0.0,32
1.0,2,nl,verb,det,0.16326530612244897,0.0,0.8367346938775511,49
1.0,2,nl,noun,verb,0.10204081632653061,0.0,0.8979591836734694,49
1.0,3,nl,part,det,0.5911648158113595,0.24172007240350277,0.16711511178513772,20441
1.0,3,nl,det,noun,0.9300542422821938,0.01721020558494609,0.05273555213286011,29866
1.0,3,nl,noun,part,0.9708918350374248,0.0,0.029108164962575216,20441
1.0,3,en,part,det,0.9999534797171566,2.3260141421659845e-05,2.3260141421659845e-05,42992
1.0,3,en,det,noun,0.999984499969,0.0,1.5500031000062e-05,64516
1.0,3,en,noun,prep,1.0,0.0,0.0,14304
1.0,3,en,prep,det,1.0,0.0,0.0,14304
1.0,3,en,noun,part,1.0,0.0,0.0,42992
1.0,3,en,noun,rel,1.0,0.0,0.0,7201
1.0,3,en,rel,det,1.0,0.0,0.0,7201
1.0,3,en,verb,noun,0.988612692681572,0.0,0.011387307318427997,7201
1.0,3,en,det,verb,1.0,0.0,0.0,7201
1.0,3,nl,noun,prep,0.24983221476510067,0.0,0.7501677852348994,5960
1.0,3,nl,prep,det,0.23406040268456377,0.14093959731543623,0.625,5960
1.0,3,en,verb,det,0.9847645429362881,0.0013850415512465374,0.013850415512465374,7220
1.0,3,en,noun,verb,0.9998614958448754,0.0,0.00013850415512465375,7220
1.0,3,nl,verb,det,0.0,0.0005772005772005772,0.9994227994227994,3465
1.0,3,nl,noun,verb,0.8002886002886003,0.0,0.1997113997113997,3465
1.0,3,nl,noun,rel,0.20335718216840948,0.0,0.7966428178315905,3634
1.0,3,nl,rel,det,0.0,0.8313153549807375,0.16868464501926253,3634
1.0,3,nl,verb,noun,0.0,0.5550357732526142,0.4449642267473858,3634
1.0,3,nl,det,verb,1.0,0.0,0.0,3634
